x	y1	y2
1.000000000000e+02	2.248568560051e+01	-9.113910868559e+01
1.059560179278e+02	2.198307765768e+01	-9.120694976204e+01
1.122667773511e+02	2.148045801627e+01	-9.127883062353e+01
1.189534067370e+02	2.097782524159e+01	-9.135499172089e+01
1.260382929680e+02	2.047517772311e+01	-9.143568779603e+01
1.335451562930e+02	1.997251365284e+01	-9.152118872738e+01
1.414991297435e+02	1.946983100116e+01	-9.161178042464e+01
1.499268432786e+02	1.896712748970e+01	-9.170776577551e+01
1.588565129428e+02	1.846440056083e+01	-9.180946564724e+01
1.683180353331e+02	1.796164734352e+01	-9.191721994607e+01
1.783430876932e+02	1.745886461494e+01	-9.203138873759e+01
1.889652339691e+02	1.695604875742e+01	-9.215235343120e+01
2.002200371816e+02	1.645319571016e+01	-9.228051803213e+01
2.121451784911e+02	1.595030091500e+01	-9.241631046437e+01
2.247805833549e+02	1.544735925566e+01	-9.256018396798e+01
2.381685551976e+02	1.494436498951e+01	-9.271261857465e+01
2.523539170435e+02	1.444131167106e+01	-9.287412266483e+01
2.673841615840e+02	1.393819206616e+01	-9.304523461052e+01
2.833096101839e+02	1.343499805581e+01	-9.322652450715e+01
3.001835813576e+02	1.293172052820e+01	-9.341859599842e+01
3.180625692794e+02	1.242834925781e+01	-9.362208819757e+01
3.370064329272e+02	1.192487276980e+01	-9.383767770872e+01
3.570785964900e+02	1.142127818806e+01	-9.406608075134e+01
3.783462617132e+02	1.091755106501e+01	-9.430805539083e+01
4.008806328898e+02	1.041367519083e+01	-9.456440387782e+01
4.247571552537e+02	9.909632379945e+00	-9.483597509804e+01
4.500557675700e+02	9.405402231946e+00	-9.512366713394e+01
4.768611697714e+02	8.900961863999e+00	-9.542842993861e+01
5.052631065336e+02	8.396285611550e+00	-9.575126812089e+01
5.353566677411e+02	7.891344693620e+00	-9.609324383973e+01
5.672426068492e+02	7.386106838746e+00	-9.645547980359e+01
6.010276782070e+02	6.880535867143e+00	-9.683916236900e+01
6.368249944719e+02	6.374591224268e+00	-9.724554472945e+01
6.747544053111e+02	5.868227460503e+00	-9.767595018299e+01
7.149428986598e+02	5.361393651194e+00	-9.813177546299e+01
7.575250258772e+02	4.854032750784e+00	-9.861449411209e+01
8.026433522257e+02	4.346080874295e+00	-9.912565987430e+01
8.504489341803e+02	3.837466498882e+00	-9.966691007365e+01
9.011018251665e+02	3.328109577738e+00	-1.002399689407e+02
9.547716114208e+02	2.817920558143e+00	-1.008466508398e+02
1.011637979766e+03	2.306799295113e+00	-1.014888633392e+02
1.071891319205e+03	1.794633851779e+00	-1.021686100556e+02
1.135733358343e+03	1.281299177536e+00	-1.028879931916e+02
1.203377840778e+03	7.666556549981e-01	-1.036492156664e+02
1.275051240713e+03	2.505475071647e-01	-1.044545827288e+02
1.350993521198e+03	-2.671989431689e-01	-1.053065029151e+02
1.431458937523e+03	-7.867771686289e-01	-1.062074881993e+02
1.516716888471e+03	-1.308402492320e+00	-1.071601531555e+02
1.607052818262e+03	-1.832314305612e+00	-1.081672129290e+02
1.702769172226e+03	-2.358778448379e+00	-1.092314797854e+02
1.804186409392e+03	-2.888089747251e+00	-1.103558579794e+02
1.911644075386e+03	-3.420574702076e+00	-1.115433366570e+02
2.025501939231e+03	-3.956594304115e+00	-1.127969804797e+02
2.146141197858e+03	-4.496546961215e+00	-1.141199176360e+02
2.273965752358e+03	-5.040871495295e+00	-1.155153248877e+02
2.409403560240e+03	-5.590050165756e+00	-1.169864092910e+02
2.552908068240e+03	-6.144611658863e+00	-1.185363862342e+02
2.704959730463e+03	-6.705133967936e+00	-1.201684534550e+02
2.866067616948e+03	-7.272247072423e+00	-1.218857607388e+02
3.036771118035e+03	-7.846635306256e+00	-1.236913750695e+02
3.217641750251e+03	-8.429039287954e+00	-1.255882410986e+02
3.409285069747e+03	-9.020257267800e+00	-1.275791369360e+02
3.612342699709e+03	-9.621145732557e+00	-1.296666254375e+02
3.827494478516e+03	-1.023261909725e+01	-1.318530013783e+02
4.055460735841e+03	-1.085564830865e+01	-1.341402351562e+02
4.297004704321e+03	-1.149125818842e+01	-1.365299139551e+02
4.552935074867e+03	-1.214052335771e+01	-1.390231816076e+02
4.824108704165e+03	-1.280456261115e+01	-1.416206787103e+02
5.111433483440e+03	-1.348453164819e+01	-1.443224848466e+02
5.415871378079e+03	-1.418161412396e+01	-1.471280650221e+02
5.738441648302e+03	-1.489701104887e+01	-1.500362226024e+02
6.080224261649e+03	-1.563192864465e+01	-1.530450611186e+02
6.442363508721e+03	-1.638756484849e+01	-1.561519572541e+02
6.826071834272e+03	-1.716509474291e+01	-1.593535471300e+02
7.232633896484e+03	-1.796565526815e+01	-1.626457276562e+02
7.663410868007e+03	-1.879032964139e+01	-1.660236742271e+02
8.119844993184e+03	-1.964013195500e+01	-1.694818754413e+02
8.603464416685e+03	-2.051599245153e+01	-1.730141848445e+02
9.115888299751e+03	-2.141874397231e+01	-1.766138889916e+02
9.658832241159e+03	-2.234911005099e+01	-1.802737904418e+02
1.023411402105e+04	-2.330769507507e+01	-1.839863036756e+02
1.084365968690e+04	-2.429497687215e+01	-1.877435613950e+02
1.148951000187e+04	-2.531130199744e+01	-1.915375282513e+02
1.217382727740e+04	-2.635688391101e+01	-1.953601187393e+02
1.289890261253e+04	-2.743180413907e+01	-1.992033158069e+02
1.366716356462e+04	-2.853601641704e+01	-2.030592866458e+02
1.448118227675e+04	-2.966935371419e+01	-2.069204921535e+02
1.534368408930e+04	-3.083153794140e+01	-2.107797866840e+02
1.625755666444e+04	-3.202219204792e+01	-2.146305049625e+02
1.722585965399e+04	-3.324085412217e+01	-2.184665334056e+02
1.825183494319e+04	-3.448699303117e+01	-2.222823635993e+02
1.933891750455e+04	-3.576002506786e+01	-2.260731263013e+02
2.049074689816e+04	-3.705933103021e+01	-2.298346050575e+02
2.171117945695e+04	-3.838427313553e+01	-2.335632292987e+02
2.300430119773e+04	-3.973421117896e+01	-2.372560475833e+02
2.437444150122e+04	-4.110851737740e+01	-2.409106824236e+02
2.582618760683e+04	-4.250658939607e+01	-2.445252688381e+02
2.736439997075e+04	-4.392786113140e+01	-2.480983793730e+02
2.899422853883e+04	-4.537181091584e+01	-2.516289388231e+02
3.072112998862e+04	-4.683796691292e+01	-2.551161322250e+02
3.255088599835e+04	-4.832590958017e+01	-2.585593099151e+02
3.448962260406e+04	-4.983527119072e+01	-2.619578935206e+02
3.654383070957e+04	-5.136573251726e+01	-2.653112867000e+02
3.872038781813e+04	-5.291701689412e+01	-2.686187942619e+02
4.102658105827e+04	-5.448888198023e+01	-2.718795529679e+02
4.347013158125e+04	-5.608110964501e+01	-2.750924768577e+02
4.605922041145e+04	-5.769349448562e+01	-2.782562193258e+02
4.880251583654e+04	-5.932583155238e+01	-2.813691534346e+02
5.170920242897e+04	-6.097790390216e+01	-2.844293710851e+02
5.478901179594e+04	-6.264947061193e+01	-2.874347007274e+02
5.805225516095e+04	-6.434025586130e+01	-2.903827423240e+02
6.150985788581e+04	-6.604993963139e+01	-2.932709173621e+02
6.517339604882e+04	-6.777815047021e+01	-2.960965309010e+02
6.905513520162e+04	-6.952446064673e+01	-2.988568420356e+02
7.316807143427e+04	-7.128838386688e+01	-3.015491387901e+02
7.752597488629e+04	-7.306937556766e+01	-3.041708133811e+02
8.214343584919e+04	-7.486683565318e+01	-3.067194339961e+02
8.703591361485e+04	-7.668011340259e+01	-3.091928097064e+02
9.221978823334e+04	-7.850851417514e+01	-3.115890458029e+02
9.771241535347e+04	-8.035130746821e+01	-3.139065876526e+02
1.035321843296e+05	-8.220773585363e+01	-3.161442520220e+02
1.096985797892e+05	-8.407702432308e+01	-3.183012456370e+02
1.162322468680e+05	-8.595838961041e+01	-3.203771714786e+02
1.231550603293e+05	-8.785104911886e+01	-3.223720238950e+02
1.304901978014e+05	-8.975422915577e+01	-3.242861740354e+02
1.382622173765e+05	-9.166717225859e+01	-3.261203473625e+02
1.464971398307e+05	-9.358914347490e+01	-3.278755950968e+02
1.552225357427e+05	-9.551943553220e+01	-3.295532614151e+02
1.644676177995e+05	-9.745737289404e+01	-3.311549480904e+02
1.742633386010e+05	-9.940231474850e+01	-3.326824780635e+02
1.846424942896e+05	-1.013536570104e+02	-3.341378591928e+02
1.956398343517e+05	-1.033108334425e+02	-3.355232491853e+02
2.072921779595e+05	-1.052733160130e+02	-3.368409224590e+02
2.196385372417e+05	-1.072406146116e+02	-3.380932394698e+02
2.327202478960e+05	-1.092122762437e+02	-3.392826188334e+02
2.465811075823e+05	-1.111878838134e+02	-3.404115124121e+02
2.612675225563e+05	-1.131670545979e+02	-3.414823834034e+02
2.768286630392e+05	-1.151494385016e+02	-3.424976873665e+02
2.933166278390e+05	-1.171347161666e+02	-3.434598560472e+02
3.107866187782e+05	-1.191225970038e+02	-3.443712838157e+02
3.292971255097e+05	-1.211128171958e+02	-3.452343164971e+02
3.489101213407e+05	-1.231051377142e+02	-3.460512423605e+02
3.696912707195e+05	-1.250993423829e+02	-3.468242850319e+02
3.917101490809e+05	-1.270952360097e+02	-3.475555980956e+02
4.150404757850e+05	-1.290926426065e+02	-3.482472611658e+02
4.397603609303e+05	-1.310914037057e+02	-3.489012772214e+02
4.659525668665e+05	-1.330913767823e+02	-3.495195710160e+02
4.937047852839e+05	-1.350924337833e+02	-3.501039883926e+02
5.231099308056e+05	-1.370944597653e+02	-3.506562963526e+02
5.542664520663e+05	-1.390973516381e+02	-3.511781837439e+02
5.872786613189e+05	-1.411010170111e+02	-3.516712624514e+02
6.222570836730e+05	-1.431053731378e+02	-3.521370689902e+02
6.593188271334e+05	-1.451103459526e+02	-3.525770664117e+02
6.985879746785e+05	-1.471158691956e+02	-3.529926464511e+02
7.401959996916e+05	-1.491218836177e+02	-3.533851318505e+02
7.842822061338e+05	-1.511283362608e+02	-3.537557788077e+02
8.309941949353e+05	-1.531351798081e+02	-3.541057795034e+02
8.804883581643e+05	-1.551423719970e+02	-3.544362646729e+02
9.329304026285e+05	-1.571498750906e+02	-3.547483061903e+02
9.884959046626e+05	-1.591576554020e+02	-3.550429196419e+02
1.047370897959e+06	-1.611656828667e+02	-3.553210668687e+02
1.109752496412e+06	-1.631739306589e+02	-3.555836584622e+02
1.175849554052e+06	-1.651823748470e+02	-3.558315562024e+02
1.245883364295e+06	-1.671909940850e+02	-3.560655754272e+02
1.320088400831e+06	-1.691997693359e+02	-3.562864873276e+02
1.398713102647e+06	-1.712086836245e+02	-3.564950211631e+02
1.482020705799e+06	-1.732177218155e+02	-3.566918663948e+02
1.570290124729e+06	-1.752268704158e+02	-3.568776747330e+02
1.663816886076e+06	-1.772361173971e+02	-3.570530621007e+02
1.762914118096e+06	-1.792454520383e+02	-3.572186105106e+02
1.867913599021e+06	-1.812548647838e+02	-3.573748698589e+02
1.979166867854e+06	-1.832643471174e+02	-3.575223596349e+02
2.097046401323e+06	-1.852738914497e+02	-3.576615705507e+02
2.221946860940e+06	-1.872834910178e+02	-3.577929660915e+02
2.354286414322e+06	-1.892931397953e+02	-3.579169839890e+02
2.494508135230e+06	-1.913028324124e+02	-3.580340376217e+02
2.643081486974e+06	-1.933125640845e+02	-3.581445173435e+02
2.800503894184e+06	-1.953223305490e+02	-3.582487917443e+02
2.967302408189e+06	-1.973321280076e+02	-3.583472088451e+02
3.144035471592e+06	-1.993419530768e+02	-3.584400972302e+02
3.331294787935e+06	-2.013518027418e+02	-3.585277671195e+02
3.529707302731e+06	-2.033616743169e+02	-3.586105113842e+02
3.739937302479e+06	-2.053715654096e+02	-3.586886065079e+02
3.962688638701e+06	-2.073814738884e+02	-3.587623134952e+02
4.198707084444e+06	-2.093913978546e+02	-3.588318787326e+02
4.448782831128e+06	-2.114013356165e+02	-3.588975348010e+02
4.713753134117e+06	-2.134112856674e+02	-3.589595012451e+02
4.994505115855e+06	-2.154212466649e+02	-3.590179853001e+02
5.291978735958e+06	-2.174312174133e+02	-3.590731825786e+02
5.607169938205e+06	-2.194411968475e+02	-3.591252777197e+02
5.941133984965e+06	-2.214511840187e+02	-3.591744450022e+02
6.294988990222e+06	-2.234611780816e+02	-3.592208489242e+02
6.669919663030e+06	-2.254711782834e+02	-3.592646447503e+02
7.067181273927e+06	-2.274811839533e+02	-3.593059790282e+02
7.488103857590e+06	-2.294911944941e+02	-3.593449900776e+02
7.934096665797e+06	-2.315012093736e+02	-3.593818084505e+02
8.406652885618e+06	-2.335112281178e+02	-3.594165573672e+02
8.907354638610e+06	-2.355212503043e+02	-3.594493531268e+02
9.437878277775e+06	-2.375312755573e+02	-3.594803054959e+02
1.000000000000e+07	-2.395413035415e+02	-3.595095180746e+02
