x	y1	y2
1.000000000000e+02	4.469882880949e+00	-1.139108685586e+00
1.059560179278e+02	4.469787500940e+00	-1.206949762043e+00
1.122667773511e+02	4.469680422336e+00	-1.278830623535e+00
1.189534067370e+02	4.469560210475e+00	-1.354991720893e+00
1.260382929680e+02	4.469425254808e+00	-1.435687796026e+00
1.335451562930e+02	4.469273747349e+00	-1.521188727376e+00
1.414991297435e+02	4.469103658485e+00	-1.611780424642e+00
1.499268432786e+02	4.468912709835e+00	-1.707765775511e+00
1.588565129428e+02	4.468698343783e+00	-1.809465647239e+00
1.683180353331e+02	4.468457689287e+00	-1.917219946072e+00
1.783430876932e+02	4.468187523521e+00	-2.031388737587e+00
1.889652339691e+02	4.467884228817e+00	-2.152353431195e+00
2.002200371816e+02	4.467543744366e+00	-2.280518032132e+00
2.121451784911e+02	4.467161512022e+00	-2.416310464367e+00
2.247805833549e+02	4.466732415498e+00	-2.560183967983e+00
2.381685551976e+02	4.466250712159e+00	-2.712618574646e+00
2.523539170435e+02	4.465709956522e+00	-2.874122664827e+00
2.673841615840e+02	4.465102914445e+00	-3.045234610519e+00
2.833096101839e+02	4.464421466907e+00	-3.226524507153e+00
3.001835813576e+02	4.463656502113e+00	-3.418595998416e+00
3.180625692794e+02	4.462797794535e+00	-3.622088197568e+00
3.370064329272e+02	4.461833869335e+00	-3.837677708724e+00
3.570785964900e+02	4.460751850415e+00	-4.066080751338e+00
3.783462617132e+02	4.459537290174e+00	-4.308055390826e+00
4.008806328898e+02	4.458173978806e+00	-4.564403877822e+00
4.247571552537e+02	4.456643730739e+00	-4.835975098037e+00
4.500557675700e+02	4.454926145553e+00	-5.123667133942e+00
4.768611697714e+02	4.452998340421e+00	-5.428429938609e+00
5.052631065336e+02	4.450834650786e+00	-5.751268120893e+00
5.353566677411e+02	4.448406295670e+00	-6.093243839731e+00
5.672426068492e+02	4.445681003610e+00	-6.455479803592e+00
6.010276782070e+02	4.442622594821e+00	-6.839162368997e+00
6.368249944719e+02	4.439190514760e+00	-7.245544729445e+00
6.747544053111e+02	4.435339313809e+00	-7.675950182990e+00
7.149428986598e+02	4.431018067314e+00	-8.131775462989e+00
7.575250258772e+02	4.426169729718e+00	-8.614494112093e+00
8.026433522257e+02	4.420730416043e+00	-9.125659874304e+00
8.504489341803e+02	4.414628603445e+00	-9.666910073649e+00
9.011018251665e+02	4.407784245114e+00	-1.023996894073e+01
9.547716114208e+02	4.400107788334e+00	-1.084665083983e+01
1.011637979766e+03	4.391499088117e+00	-1.148886333917e+01
1.071891319205e+03	4.381846207598e+00	-1.216861005564e+01
1.135733358343e+03	4.371024096169e+00	-1.288799319156e+01
1.203377840778e+03	4.358893136445e+00	-1.364921566639e+01
1.275051240713e+03	4.345297551426e+00	-1.445458272880e+01
1.350993521198e+03	4.330063663906e+00	-1.530650291513e+01
1.431458937523e+03	4.312998001260e+00	-1.620748819935e+01
1.516716888471e+03	4.293885240383e+00	-1.716015315551e+01
1.607052818262e+03	4.272485989906e+00	-1.816721292896e+01
1.702769172226e+03	4.248534409952e+00	-1.923147978536e+01
1.804186409392e+03	4.221735673894e+00	-2.035585797938e+01
1.911644075386e+03	4.191763281883e+00	-2.154333665700e+01
2.025501939231e+03	4.158256242658e+00	-2.279698047974e+01
2.146141197858e+03	4.120816148373e+00	-2.411991763603e+01
2.273965752358e+03	4.079004177107e+00	-2.551532488770e+01
2.409403560240e+03	4.032338069460e+00	-2.698640929096e+01
2.552908068240e+03	3.980289139167e+00	-2.853638623419e+01
2.704959730463e+03	3.922279392907e+00	-3.016845345497e+01
2.866067616948e+03	3.857678851235e+00	-3.188576073883e+01
3.036771118035e+03	3.785803180216e+00	-3.369137506952e+01
3.217641750251e+03	3.705911761332e+00	-3.558824109858e+01
3.409285069747e+03	3.617206344300e+00	-3.757913693600e+01
3.612342699709e+03	3.518830442357e+00	-3.966662543752e+01
3.827494478516e+03	3.409869640479e+00	-4.185300137827e+01
4.055460735841e+03	3.289352991895e+00	-4.414023515616e+01
4.297004704321e+03	3.156255674939e+00	-4.652991395513e+01
4.552935074867e+03	3.009503068462e+00	-4.902318160759e+01
4.824108704165e+03	2.847976377838e+00	-5.162067871030e+01
5.111433483440e+03	2.670519903606e+00	-5.432248484659e+01
5.415871378079e+03	2.475949990655e+00	-5.712806502208e+01
5.738441648302e+03	2.263065628556e+00	-6.003622260240e+01
6.080224261649e+03	2.030660595595e+00	-6.304506111855e+01
6.442363508721e+03	1.777536954568e+00	-6.615195725405e+01
6.826071834272e+03	1.502519622964e+00	-6.935354713003e+01
7.232633896484e+03	1.204471660529e+00	-7.264572765618e+01
7.663410868007e+03	8.823098501060e-01	-7.602367422707e+01
8.119844993184e+03	5.350200993148e-01	-7.948187544133e+01
8.603464416685e+03	1.616721655990e-01	-8.301418484449e+01
9.115888299751e+03	-2.385667923696e-01	-8.661388899158e+01
9.658832241159e+03	-6.664203082324e-01	-9.027379044185e+01
1.023411402105e+04	-1.122492769507e+00	-9.398630367562e+01
1.084365968690e+04	-1.607262003771e+00	-9.774356139499e+01
1.148951000187e+04	-2.121074566244e+00	-1.015375282513e+02
1.217382727740e+04	-2.664143917001e+00	-1.053601187393e+02
1.289890261253e+04	-3.236551582246e+00	-1.092033158069e+02
1.366716356462e+04	-3.838251297404e+00	-1.130592866458e+02
1.448118227675e+04	-4.469076031734e+00	-1.169204921535e+02
1.534368408930e+04	-5.128747696132e+00	-1.207797866840e+02
1.625755666444e+04	-5.816889239844e+00	-1.246305049625e+02
1.722585965399e+04	-6.533038751274e+00	-1.284665334056e+02
1.825183494319e+04	-7.276665097458e+00	-1.322823635993e+02
1.933891750455e+04	-8.047184571335e+00	-1.360731263013e+02
2.049074689816e+04	-8.843977970877e+00	-1.398346050575e+02
2.171117945695e+04	-9.666407513380e+00	-1.435632292987e+02
2.300430119773e+04	-1.051383299400e+01	-1.472560475833e+02
2.437444150122e+04	-1.138562662962e+01	-1.509106824236e+02
2.582618760683e+04	-1.228118608547e+01	-1.545252688381e+02
2.736439997075e+04	-1.319994525799e+01	-1.580983793730e+02
2.899422853883e+04	-1.414138247962e+01	-1.616289388231e+02
3.072112998862e+04	-1.510502591388e+01	-1.651161322250e+02
3.255088599835e+04	-1.609045601832e+01	-1.685593099151e+02
3.448962260406e+04	-1.709730506606e+01	-1.719578935206e+02
3.654383070957e+04	-1.812525382978e+01	-1.753112867000e+02
3.872038781813e+04	-1.917402564383e+01	-1.786187942619e+02
4.102658105827e+04	-2.024337816713e+01	-1.818795529679e+02
4.347013158125e+04	-2.133309326909e+01	-1.850924768577e+02
4.605922041145e+04	-2.244296554689e+01	-1.882562193258e+02
4.880251583654e+04	-2.357279005084e+01	-1.913691534346e+02
5.170920242897e+04	-2.472234983780e+01	-1.944293710851e+02
5.478901179594e+04	-2.589140398476e+01	-1.974347007274e+02
5.805225516095e+04	-2.707967667131e+01	-2.003827423240e+02
6.150985788581e+04	-2.828684787858e+01	-2.032709173621e+02
6.517339604882e+04	-2.951254615459e+01	-2.060965309010e+02
6.905513520162e+04	-3.075634376830e+01	-2.088568420356e+02
7.316807143427e+04	-3.201775442563e+01	-2.115491387901e+02
7.752597488629e+04	-3.329623356360e+01	-2.141708133811e+02
8.214343584919e+04	-3.459118108631e+01	-2.167194339961e+02
8.703591361485e+04	-3.590194627290e+01	-2.191928097064e+02
9.221978823334e+04	-3.722783448263e+01	-2.215890458029e+02
9.771241535347e+04	-3.856811521290e+01	-2.239065876526e+02
1.035321843296e+05	-3.992203103550e+01	-2.261442520220e+02
1.096985797892e+05	-4.128880694213e+01	-2.283012456370e+02
1.162322468680e+05	-4.266765966665e+01	-2.303771714786e+02
1.231550603293e+05	-4.405780661228e+01	-2.323720238950e+02
1.304901978014e+05	-4.545847408639e+01	-2.342861740354e+02
1.382622173765e+05	-4.686890462639e+01	-2.361203473625e+02
1.464971398307e+05	-4.828836327988e+01	-2.378755950968e+02
1.552225357427e+05	-4.971614277437e+01	-2.395532614151e+02
1.644676177995e+05	-5.115156757339e+01	-2.411549480904e+02
1.742633386010e+05	-5.259399686504e+01	-2.426824780635e+02
1.846424942896e+05	-5.404282656417e+01	-2.441378591928e+02
1.956398343517e+05	-5.549749043346e+01	-2.455232491853e+02
2.072921779595e+05	-5.695746044110e+01	-2.468409224590e+02
2.196385372417e+05	-5.842224647690e+01	-2.480932394698e+02
2.327202478960e+05	-5.989139554616e+01	-2.492826188334e+02
2.465811075823e+05	-6.136449055305e+01	-2.504115124121e+02
2.612675225563e+05	-6.284114877475e+01	-2.514823834034e+02
2.768286630392e+05	-6.432102011564e+01	-2.524976873665e+02
2.933166278390e+05	-6.580378521786e+01	-2.534598560472e+02
3.107866187782e+05	-6.728915349220e+01	-2.543712838157e+02
3.292971255097e+05	-6.877686112134e+01	-2.552343164971e+02
3.489101213407e+05	-7.026666907701e+01	-2.560512423605e+02
3.696912707195e+05	-7.175836118282e+01	-2.568242850319e+02
3.917101490809e+05	-7.325174224686e+01	-2.575555980956e+02
4.150404757850e+05	-7.474663628086e+01	-2.582472611658e+02
4.397603609303e+05	-7.624288481727e+01	-2.589012772214e+02
4.659525668665e+05	-7.774034533105e+01	-2.595195710160e+02
4.937047852839e+05	-7.923888976922e+01	-2.601039883926e+02
5.231099308056e+05	-8.073840318838e+01	-2.606562963526e+02
5.542664520663e+05	-8.223878249837e+01	-2.611781837439e+02
5.872786613189e+05	-8.373993530859e+01	-2.616712624514e+02
6.222570836730e+05	-8.524177887243e+01	-2.621370689902e+02
6.593188271334e+05	-8.674423912444e+01	-2.625770664117e+02
6.985879746785e+05	-8.824724980465e+01	-2.629926464511e+02
7.401959996916e+05	-8.975075166384e+01	-2.633851318505e+02
7.842822061338e+05	-9.125469174413e+01	-2.637557788077e+02
8.309941949353e+05	-9.275902272863e+01	-2.641057795034e+02
8.804883581643e+05	-9.426370235475e+01	-2.644362646729e+02
9.329304026285e+05	-9.576869288556e+01	-2.647483061903e+02
9.884959046626e+05	-9.727396063413e+01	-2.650429196419e+02
1.047370897959e+06	-9.877947553601e+01	-2.653210668687e+02
1.109752496412e+06	-1.002852107654e+02	-2.655836584622e+02
1.175849554052e+06	-1.017911423907e+02	-2.658315562024e+02
1.245883364295e+06	-1.032972490658e+02	-2.660655754272e+02
1.320088400831e+06	-1.048035117540e+02	-2.662864873276e+02
1.398713102647e+06	-1.063099134798e+02	-2.664950211631e+02
1.482020705799e+06	-1.078164391080e+02	-2.666918663948e+02
1.570290124729e+06	-1.093230751454e+02	-2.668776747330e+02
1.663816886076e+06	-1.108298095639e+02	-2.670530621007e+02
1.762914118096e+06	-1.123366316423e+02	-2.672186105106e+02
1.867913599021e+06	-1.138435318250e+02	-2.673748698589e+02
1.979166867854e+06	-1.153505015957e+02	-2.675223596349e+02
2.097046401323e+06	-1.168575333653e+02	-2.676615705507e+02
2.221946860940e+06	-1.183646203705e+02	-2.677929660915e+02
2.354286414322e+06	-1.198717565852e+02	-2.679169839890e+02
2.494508135230e+06	-1.213789366394e+02	-2.680340376217e+02
2.643081486974e+06	-1.228861557488e+02	-2.681445173435e+02
2.800503894184e+06	-1.243934096504e+02	-2.682487917443e+02
2.967302408189e+06	-1.259006945463e+02	-2.683472088451e+02
3.144035471592e+06	-1.274080070526e+02	-2.684400972302e+02
3.331294787935e+06	-1.289153441548e+02	-2.685277671195e+02
3.529707302731e+06	-1.304227031671e+02	-2.686105113842e+02
3.739937302479e+06	-1.319300816970e+02	-2.686886065079e+02
3.962688638701e+06	-1.334374776130e+02	-2.687623134952e+02
4.198707084444e+06	-1.349448890163e+02	-2.688318787326e+02
4.448782831128e+06	-1.364523142154e+02	-2.688975348010e+02
4.713753134117e+06	-1.379597517035e+02	-2.689595012451e+02
4.994505115855e+06	-1.394672001382e+02	-2.690179853001e+02
5.291978735958e+06	-1.409746583238e+02	-2.690731825786e+02
5.607169938205e+06	-1.424821251952e+02	-2.691252777197e+02
5.941133984965e+06	-1.439895998036e+02	-2.691744450022e+02
6.294988990222e+06	-1.454970813037e+02	-2.692208489242e+02
6.669919663030e+06	-1.470045689426e+02	-2.692646447503e+02
7.067181273927e+06	-1.485120620498e+02	-2.693059790282e+02
7.488103857590e+06	-1.500195600278e+02	-2.693449900776e+02
7.934096665797e+06	-1.515270623444e+02	-2.693818084505e+02
8.406652885618e+06	-1.530345685258e+02	-2.694165573672e+02
8.907354638610e+06	-1.545420781495e+02	-2.694493531268e+02
9.437878277775e+06	-1.560495908396e+02	-2.694803054959e+02
1.000000000000e+07	-1.575571062611e+02	-2.695095180746e+02
